4.4075160382707494
5.8084795909106575
4.034808705200165
5.651893458676923
6.16391316242516
5.218588808981677
2.7900583645586208
4.820130689069629
5.332737784367055
5.951572876423597
2.806012932933657
7.079912462119447
3.763644633700844
4.2031937511653625
6.388567132409662
4.631915644276887
5.287901054327903
5.089975573948829
6.1335945427417755
6.370082017965615
4.732575951073168
5.44215434442537
4.05360175277645
5.157314795985553
4.691241288008664
6.845481637200796
4.134699313669224
4.234501670572499
5.378739868199593
6.134771872980813
6.075760999694467
6.22995360661298
4.555716562840729
6.342864256352186
5.555314705848871
6.27008051937446
4.788424593862146
6.581783595593053
5.728159589857879
4.155759429427059
4.40973241539799
6.331521313637495
5.227374092818328
5.58095523144225
4.886679707560688
5.383419944493904
6.143130261521306
5.136749707273526
4.619570704177022
4.078617041871652
3.4523794531323366
5.301519763534136
4.758943306000948
4.640079802124717
4.640309181064367
5.953200771808152
4.648331666078164
4.812448714394122
4.289583537607982
5.241293518012944
6.0180567260831594
1.9494728334850744
4.2600491931256315
5.83235358219056
4.194112685637826
3.0127078061756896
4.806302202652727
6.31144316427509
5.15736783714965
5.032177257786752
6.263899579644203
4.490205444142386
6.009345197118819
5.954074260819185
4.4803663654440005
4.442564312834293
4.727971148211509
5.3214494315427
4.639948324457819
7.579448889768756
5.987442241733989
5.917511167355858
5.70780759351328
6.827454636566937
5.495402392465621
5.9073927379463225
5.264241936885757
4.953909386608592
5.392923896059774
5.815432257484645
5.175608583260328
4.233953173562247
3.8202608092688024
3.809317477653597
5.662786143640649
5.490814497694373
3.994454326108098
4.806591509521484
4.340676134810027
3.3180400903305323
6.287792505118712
5.136260142084211
4.341460791070469
5.728381315710551
3.4687920119557716
5.09517447122587
4.604848873801529
5.347872440703213
5.464357682038099
5.698398319650844
4.999299874994904
4.926770302933415
4.502457038033754
5.201958909124812
4.815758165096302
4.459837143309414
3.350494073703885
4.069569265532152
6.821817838161637
5.815211563258547
6.299495059065521
5.6104488208211425
6.8145080916152
5.274321927271022
4.926952372545292
4.785659893415868
5.707950872315062
5.486562954552914
2.989793157317812
5.5650375706793485
7.180851671145421
5.757224669214338
4.248216510055109
5.772269987710397
6.236259332392365
5.339986017905176
3.002485352551141
5.623738538051031
4.660740925852697
4.200677248856811
6.73666608055381
4.836932320090153
5.942244683815808
5.09599271015343
4.803563547262938
5.982410260925885
7.408131494808599
4.99658390879631
4.612948861904442
6.360542708542198
3.843014839105308
5.603603956211225
5.208172010454196
3.31086934106069
3.8470419086208536
5.46727994363755
4.270721184705722
6.31752881452133
2.6348101499440877
4.577294702176005
7.252839731707809
5.6647575232200325
6.781667725321952
5.307062649087545
3.2433786338232604
5.046955412719399
5.02254554274828
4.952697456814349
4.805508208946318
4.636971265905641
4.107043700072617
4.270112822773697
4.46323448837931
4.476645706911732
5.201088449202805
5.749945075252512
4.82708167061809
5.806729488539141
5.54058158343578
5.740809050233906
4.719456797931343
5.816679188645011
6.634357392134845
5.860859359465585
6.706141166876754
5.245596300485003
3.8948589330539107
2.804785020454138
5.0117830104655585
5.388914007227868
5.39885121723637
6.5744486707262695
6.146720300428569
3.919168781954795
5.503235984288241
3.6673093903809786
4.166483189755141
4.485429904394664
4.684985963218181
5.796947816273817
4.211884400025621
4.954789316763824
5.273681318242263
4.650050933007151
4.5321870996462605
4.9238702080679335
4.301318055293079
4.433995150995511
5.779552231414208
2.869511520976766
5.753947644018423
5.925246309904802
4.912239897996187
5.0212902672794595
6.6927472446113825
6.48148283874616
4.634054655384493
6.798110544256143
4.921475287888942
3.5332284192554653
5.744799469928013
5.759377870168617
6.51977641112795
4.6194686852395535
5.784853974346377
4.654695276170969
4.992931888671021
5.520457181952358
3.9731053834064434
5.2368016859379685
4.810585704030155
4.954873043578118
2.573605888540512
4.766864133246733
6.262047837488353
6.093572302721441
4.600975976527312
6.744995468204347
4.599277114641439
4.588863612618297
3.702290201559663
6.103190320543945
5.67417794030168
5.702921736810723
7.364288107707235
4.510243863952342
3.7132115215063095
4.580067532683955
5.364942606319342
3.941160509828478
5.021259367465973
6.796537361573428
4.809534773716715
3.491465554584388
4.4761753340333374
4.791238045456429
4.050687556481594
5.71252528844173
5.267257766798139
3.5522537443184863
4.738412602452939
7.341623734383351
5.752152178440734
5.5641805982862085
6.129238196648657
5.057851521927942
4.310135753653877
4.105246897000091
3.189664367120713
4.129989899088891
5.213713218457997
5.014826012309641
4.694580091765063
5.757181296624998
5.072478726040572
3.1433984171560665
5.751412305163884
5.045675472179373
5.328655144561738
4.928411771857398
5.0363493375480175
4.056182287409749
4.737509614464059
4.47792569331933
4.27177400483201
4.484569545369595
5.3252462754026055
5.185596820958896
3.0285424300891757
4.520281706005335
5.988982677837573
4.979573619551957
5.343476293379611
4.84888338011376
4.63855557376432
5.406553939450532
6.017972012516111
2.5074946486326684
5.0271521338046945
3.714726261328906
4.153214348991423
6.444214417692003
3.33319435082376
4.9423032867101195
4.137939864477586
4.660260872975702
6.449162896684717
4.231238695075527
4.387212527915835
7.216585708727356
6.3856394292578464
4.724804734811187
4.2554243582547535
4.743456235823974
4.168187564238906
3.6656685574942993
2.876249815937683
5.082085152098255
4.298579003465971
5.305982542142136
6.108331643044949
4.053294015421288
5.848462089033257
6.199556115549058
4.390362238799683
5.763861990960413
5.007744055104506
3.2734776488505304
4.75859143352136
5.192015484660184
4.919831487490146
4.402977720071274
5.157049686647952
4.51972674372006
5.275110902966229
4.620197099633515
4.495238872139149
6.242650881875306
4.64278200837464
3.5413892227225006
4.474891125375853
4.549309434310738
5.7597670503748395
4.158545969056454
5.686780193845559
5.384973466396332
5.3974216111875775
4.3636448287574465
6.145824042148888
4.788197827059776
5.76959749501483
4.179464826115007
2.7989925391578674
3.3612930034287274
3.8647668422199786
4.874349122866988
4.94920812882231
4.259915328174785
3.859351800289005
4.7096345401369035
4.034865165764576
5.6810246918377665
5.325049968902022
3.941900797188282
4.541831488721073
4.654294502455741
6.933353139236617
4.992892728939101
5.418459766049976
5.097604449165207
5.3608819729574435
5.5000918601220175
3.9652741495519876
5.61162058272747
5.501263604708269
6.801392017594911
4.574200219956723
5.377500906586647
5.160558925314273
5.472258021970632
4.386401525924348
5.930096523240149
3.7567480276338756
4.7745208591469614
4.577544597891245
4.658961337991059
5.729337161406875
2.2122633009086003
5.728746861709451
6.5924933935408845
5.114896837621927
6.259420454036444
4.408371886238456
6.371437209192663
5.820220613246901
4.535472622996835
4.333950860520812
5.921092328063342
5.132456875185716
5.138597761416184
5.933340364863145
4.825869400900514
4.263886321478058
4.256774670910644
4.440774259157479
3.8660605456332515
3.86346376221627
5.46015752479434
5.240323482546955
4.511445585743012
5.476065742783248
6.4465390793047845
6.575417782180011
5.939859713058839
5.088434012141079
5.898207700958652
5.606754687986832
6.649132649115491
5.368252893531153
5.526159896980971
4.227047592460103
5.578218619339168
5.972931013563208
5.057419162709266
5.743432539049536
6.277233468674659
5.832771818750439
6.018340920563787
3.1435947693525774
3.771002057939768
4.297857413454871
6.3089081407524645
4.5351844248361886
5.752385708888122
3.4885298365399104
5.394600667149632
6.749078694325135
5.019422451891146
4.7225712520249425
5.937047330912302
7.267454463656905
5.637939088512212
6.094523978885263
6.264502462930977
4.2799215316792525
5.1897879861190415
4.314916289281593
6.706276278477162
4.096394050400704
5.311385001322185
4.7440351392142475
6.315736032091081
6.025675119366497
4.6533202831867655
5.369919521791463
4.507824745494872
5.2302718185819685
4.189550880451684
4.84965157834813
4.467369698143958
6.552670187316835
4.4456388316122135
4.3146637892350554
5.392336503929889
5.433334563806424
5.735287383699303
3.614333729725331
5.322748174631485
4.9789224529605765
2.790870914158885
4.876426798757166
6.426158722024411
4.89160797358589
4.68803504249081
5.088930013821493
2.8814793948267696
7.11399264574237
5.106112039244745
7.8228466913505965
5.5530238696374
4.6526646334677935
4.161894962791502
5.481277633458376
5.522553575208258
3.88241617215197
5.387850487139076
5.351100000552833
5.385645531090988
3.9712776644155383
5.817791738981363
6.123778879176825
6.616543682804673
5.62941341008991
4.864286936819553
4.250372111994308
1.4254329633339848
6.404502936638892
5.305930109457859
4.851668939234349
7.016021767045535
5.272623139433563
5.823075451713351
5.174753111399627
6.136133544147015
3.684251459315419
5.280069760978222
4.884120323390867
3.3539883903620034
4.787563142718746
4.596747718285769
5.62495382915982
5.2742677428759634
5.542830955309747
5.487819599919021
4.023486288918776
5.898096913085984
5.15334777534008
3.073663636147141
6.215375849977136
4.798197372350842
6.209687299660911
4.369470005854964
4.860057672485709
4.113959067980503
4.785734618548304
5.5389185769960205
4.823683051858097
3.9815903841517866
4.103073494832847
4.161932573338754
6.613145088994477
5.46509752782379
3.8541763345710933
5.700164350719861
4.8369874795898795
5.394817213337048
5.0181252378970385
5.291292023269612
4.397469084709883
3.4889506697654724
3.5854149973019958
5.595671619774258
6.902093444349443
5.745352562051266
5.683333898804484
4.829565931603264
4.3904855963774025
6.0158232897520065
5.278086922313786
5.552572792360149
4.532872548429976
5.504340313374996
6.744888697492904
5.606943305116147
6.562315544113517
4.810340172611177
4.138021940365434
5.119360394310206
6.018876296002418
4.4474199786782265
5.809473403458986
4.70028534764424
5.4588832545025285
5.254637900274247
8.479496644609174
5.797374963051097
3.8208953426219523
4.229816885665059
3.82570081949234
6.753865229760887
4.713170863935171
4.706654644900059
4.295831662602723
5.743494261639366
4.75289974224549
5.104425521101803
3.8129501097238485
3.9004347334190403
5.232992058981173
5.818243348442983
6.2680886708713235
5.386422281698497
5.280696050469796
5.4687124588325595
4.2850068775691135
5.751995201771555
5.839582479558885
6.983608636978223
6.576306097243517
5.769553661748795
5.320112129151331
3.2655734138045815
4.523786196430043
5.010443275565596
5.131281080655754
3.6172708268277347
6.122841562337179
3.245510831475258
4.573535848744516
3.7335264181547885
4.230276914085197
5.47383421152432
7.18729642017931
5.8702642170974535
5.865673586492015
5.104936258118321
4.169910436560398
4.96929311558379
5.016637011124416
4.563268444035202
5.218970105051994
3.46523418277581
6.566940340213478
5.534579196944833
4.065215551449159
3.9057308393530548
3.796529256273061
5.114562603645027
3.739000976551324
4.137151501720661
5.127815180182084
3.9517691945657134
5.2641461616709595
5.876280720157018
7.484728252917721
4.275717523681995
5.5236552822141665
3.019084422674301
4.135313408546743
7.09180794512565
5.228501956444234
6.702640055213124
2.603437713499061
5.1065374492031905
6.522171117031224
4.227506622612501
4.339648890664141
5.570491861152112
6.591218147864362
6.467308190762801
4.897911295294762
4.783442358020693
4.258693986572325
4.116892454920699
5.548972765915096
5.477058551702816
4.751600587323762
4.554243593248277
5.127628435111637
7.433813962116808
5.243542669537042
6.583172606693807
4.723014212994769
3.92627124581486
5.520451101940125
6.095593784935772
4.795771404340517
5.339745979756117
4.653449146077037
4.093947204659755
7.274591820981382
5.374189679973998
6.1818285514600575
5.785052761681486
4.0818565457775815
4.8705209741818365
7.118002762134994
3.9501317739486694
4.720518586190163
5.003093960825745
3.017892414942456
6.103430498857051
5.481763268693371
5.566587615576773
5.815243735301616
4.2127612539427295
4.291557501012775
4.665555690763741
5.578452269585024
3.9922295389696956
4.890308810966349
3.204089086276708
5.92198465939372
3.9621819793497264
4.792274606414139
4.788787191733718
4.5257986462675035
5.037612711713527
4.347208577946176
5.243140661889333
2.367056009286694
5.847967613343235
4.309641811037336
6.728329974184084
3.2860436737537384
4.214504901698875
3.829600892495364
3.1688283941118245
5.429435800760984
4.279044145650889
5.5357142588265615
4.337768616367089
5.810416425112635
3.090510781392336
6.247503226622939
4.772255371903553
6.323085087817162
3.216834168837943
4.519626792520285
5.4502258063054665
5.381044420876724
3.932305100839585
4.449155863772297
6.559784585144371
5.628030048039627
6.092901660218461
4.400000119785574
5.053571980446577
6.918616560171515
4.441168665420264
4.90795980537953
4.680226275189839
2.1126076053022067
6.82762259592189
4.543980533497798
4.611343062584836
4.206060348039657
4.074845839505729
7.244745164741413
3.1210045638538384
7.358019867466259
6.832386657129973
4.446881693396942
2.7011934926419374
5.28407888347283
4.442784473296788
5.244183325674385
5.477965234641461
4.7720170505304145
4.969989011064172
4.5690402062525965
4.975449286782229
5.347040294701898
5.432367196306586
5.035502032280764
3.8743418068998583
3.870562917087227
4.641320007387549
4.787516943337743
5.629300232245857
3.93267293414101
5.876537975261019
6.1204218924976885
4.813062100738136
4.388526807144267
5.564368283376098
5.036205313046
4.8338979696098665
4.656023735520008
5.7040061487574985
4.663769230663878
5.230486159446439
5.616352871991694
5.109693069476634
5.443068047519773
2.0958172831004687
4.646338311884918
3.894318866186045
4.574290930011218
7.080343439037112
5.5399911930081185
6.305061170213687
3.367660444863873
4.590698294782923
5.37865887951944
5.290258307941258
4.626753247977684
4.2785707744747175
5.1498102327353195
4.910316872530191
5.434832132421434
5.650306077466799
4.915857239160687
5.152901319321245
4.20448097062957
4.32843121754854
5.714882362168282
4.643764926594523
4.289196460828891
5.890365638687575
6.832147790584713
5.450788346119225
2.3576858393147284
4.616519848859106
5.020756084471941
7.2807282610502675
4.873021127190441
6.530837471131235
3.0881163601074615
5.1832138621248305
4.372015597926326
4.836019244976342
4.466218365268477
5.295936646871269
5.334123645909131
4.337089558131993
4.07300792819262
5.688342204029526
5.135407646652311
5.78093438510725
4.767737204674631
4.36675185331869
6.578744949185527
6.1164087150245905
5.9674592923573755
5.492836882068344
3.639647184405476
4.693053379654884
5.427756071061339
4.470448774836475
7.016258605006531
6.89049497719772
5.526963021450201
6.533461090177298
2.044398391808733
7.19522823293928
5.122517893556505
4.996360761113465
4.255924119454947
6.323208650678567
4.717478841468109
4.600610993430916
4.867125464493268
3.480948477792273
4.96524694794789
4.082231476371548
5.457019042652462
5.25329569214955
4.880278302116682
5.0628365172159935
5.480009800453553
5.351491975951659
5.705568024229755
7.0375832983873465
3.693834883160889
4.766066988930106
3.4055398419249014
4.540587902790922
4.2108442331778235
3.6657816115766764
4.456210496646157
5.598550803533415
3.913837359752506
5.576374473981559
6.475747104748376
6.625087388110094
6.487093267031014
5.387877106585815
7.015971970058724
4.7512029703155765
4.348098247758053
5.994992679132668
6.746185560710728
5.6360421711578965
4.403445440091204
4.448995851278507
6.1375675946474075
5.0062169044622244
3.8407499389722943
3.9938087798655033
5.205025143942444
4.203838695986736
6.183651986805644
5.4740463038906455
4.075709877528068
3.7471503112465143
3.7775671486742795
5.57491715811193
3.438892849079794
5.734666886166645
3.2037710209027765
3.7477074870839715
4.219898907719111
3.3316538617946208
4.698057215581009
5.5929035833105445
4.448989195283502
3.7043723189271986
4.7587376944720745
6.0560788763687015
4.879200639226585
6.448867385275662
7.207503700755142
4.8446165762528075
5.980057093679234
4.142001854578852
5.712841181084514
6.703977645840496
3.725576533935964
3.8683168655261397
5.292095794342458
5.735729256390957
6.433961013332009
5.566010777372867
5.3900812226347625
4.953346135094762
5.108743827324361
5.0073418617248535
5.936155241100774
3.5886294980621285
5.64323186641559
3.6413034447468817
4.037084123583293
3.241273880758359
4.774349993700463
5.045467038523589
3.5198615528193793
4.853007017169148
6.564849828835577
5.817424332036409
5.165852644239649
1.9513720224040343
5.4800127333199296
6.921313474753944
3.9455717992968857
3.139138141141139
4.376108210885993
6.137272563762963
5.791754509532748
4.696773427416506
4.991077857557684
6.205864749494939
6.019115730188787
6.3585348087362945
4.5736869952833255
3.9038171591237187
5.2152407620775065
4.237006037280416
5.228201288729906
4.245786591432989
5.375475370460295
5.413570934716229
6.0662034205161035
5.812272945655091
3.9491232209838927
5.0709346532821655
5.346629540415293
6.364886195398867
4.356300534915478
4.276694083120674
5.630679938034681
4.024371438190551
5.997609595549978
5.04192977458909
4.299171691690518
5.097198837017023
4.561018008273095
4.1993747713669745
5.852473067658788
4.015607092402565
6.279195096343756
4.325049216393381
3.0281591957265395
3.596893181986361
4.0116108762560145
5.796902402069639
5.725214625408421
4.908719649667413
5.682031036424047
4.65610850835219
5.701992145739496
3.656238336581737
4.706717276480049
4.705776620915525
5.295877675315134
6.087151419837028
6.7334940947384805
5.4222467672128225
6.360436353366822
4.1988583742328025
5.363445682098144
3.6756817562215565
4.84725770710002
4.535564587917179
5.220617653937193
6.252982613999564
5.7782854260876775
4.978591751307249
6.409768858924508
3.3406023592688143
4.742032642941922
3.998958906158805
5.795645874924958
6.090505725238472
5.967065191324826
5.100106519181281
4.839638632256538
5.820566966664046
4.00878194862479
5.464524129353913
